 no lon(deg/decimal) lat ellipHeight(m)
        1   98.550000   33.050000    4372.431      0.0056     -0.0969     -8.7481      0.5033     -1.2229
        2   98.650000   33.050000    4372.834      0.0347      0.0307    -10.9996     -6.5552     -5.9075
        3   98.750000   33.050000    4530.959     -0.0336     -1.1852    -13.1633     -9.3919      5.9238
        4   98.850000   33.050000    4567.407      0.0234     -1.1791    -14.0034     -2.3475     -4.6099
        5   98.950000   33.050000    4646.551     -0.0401     -2.0462    -15.1799     -4.9229      7.2632
        6   99.050000   33.050000    4672.380     -0.0463     -1.9176     -9.1527      2.1447      8.2814
        7   99.150000   33.050000    4611.765     -0.0611     -1.6366     -1.2470      5.5278     11.4664
        8   99.250000   33.050000    4475.199      0.0232     -0.5479     -1.0704      7.1169     -3.7881
        9   99.350000   33.050000    4447.885      0.0055     -0.4206     -4.0504      2.8757     -0.7986
       10   99.450000   33.050000    4506.390     -0.0545     -1.0075     -3.3049      2.0519      9.4613
       11   99.550000   33.050000    4518.735     -0.0367     -1.0796     -2.0978      4.3033      6.4475
       12   99.650000   33.050000    4475.022     -0.0216     -0.9168     -0.6601      6.7916      4.0450
       13   99.750000   33.050000    4378.569      0.0382     -0.2794     -2.9253      6.3651     -6.4522
       14   99.850000   33.050000    4354.066      0.0068     -0.3285     -3.1551      4.6940     -1.0842
       15   99.950000   33.050000    4278.495      0.0054     -0.0452      0.3989      8.3779     -0.8032
       16  100.050000   33.050000    4218.105      0.0301      0.2226     -3.2350      2.7067     -5.1128
       17  100.150000   33.050000    4290.157     -0.0294     -0.3582     -2.0676      0.8367      5.0222
       18  100.250000   33.050000    4305.234     -0.0314     -0.5001      2.3678      4.6274      5.3929
       19  100.350000   33.050000    4237.498      0.0119     -0.1305      4.8088      7.3458     -2.1791
       20  100.450000   33.050000    4184.618      0.0026     -0.0942      7.5591      7.2631     -0.4286
       21   98.550000   33.150000    4340.693      0.0815      0.4216     -5.0397     -7.3809    -14.4658
       22   98.650000   33.150000    4541.246     -0.0145     -1.1781    -12.6288    -12.6325      2.3941
       23   98.750000   33.150000    4688.109     -0.0417     -1.9198    -10.5922     -5.2564      7.6476
       24   98.850000   33.150000    4691.217     -0.0016     -1.7341     -8.4016     -3.1992      0.7632
       25   98.950000   33.150000    4672.256     -0.0060     -1.7238      0.2900      3.1303      1.4684
       26   99.050000   33.150000    4589.422      0.0220     -1.0464     -0.2534      5.6548     -3.5559
       27   99.150000   33.150000    4475.800      0.0698     -0.3291     -3.8540      6.4774    -11.8336
       28   99.250000   33.150000    4467.585     -0.0005     -0.4414     -3.6504      4.4897      0.2173
       29   99.350000   33.150000    4443.482     -0.0076     -0.3412      0.7651      6.6173      1.3288
       30   99.450000   33.150000    4428.700      0.0354     -0.1975      1.6454      3.1214     -5.9907
       31   99.550000   33.150000    4466.673     -0.0063     -0.5974      1.8164      3.7623      1.2288
       32   99.650000   33.150000    4427.053     -0.0044     -0.4709      3.6182      5.5772      0.8580
       33   99.750000   33.150000    4412.459     -0.0115     -0.5326      3.0103      4.0550      2.1398
       34   99.850000   33.150000    4416.081     -0.0330     -0.7324      0.5904      5.7889      5.7924
       35   99.950000   33.150000    4326.951      0.0090     -0.2904     -2.6389      6.4396     -1.3867
       36  100.050000   33.150000    4303.598      0.0168     -0.1895     -2.3299      3.1426     -2.7849
       37  100.150000   33.150000    4313.153     -0.0149     -0.3912     -0.6105      6.2039      2.5906
       38  100.250000   33.150000    4218.308      0.0200      0.1158      1.2836      7.1329     -3.4030
       39  100.350000   33.150000    4138.722      0.0194      0.3560      2.1180      8.0653     -3.2262
       40  100.450000   33.150000    4091.170      0.0246      0.4745     -2.5964      3.7860     -4.5374
       41   98.550000   33.250000    4409.082      0.0440      0.0295     -6.3982    -10.4407     -7.5254
       42   98.650000   33.250000    4663.422     -0.0162     -1.5800     -5.6071    -13.2757      2.5883
       43   98.750000   33.250000    4800.781     -0.0427     -2.4629     -6.2881     -4.2730      7.9744
       44   98.850000   33.250000    4754.024     -0.0095     -1.9385     -4.7538      2.0434      2.1502
       45   98.950000   33.250000    4674.698     -0.0008     -1.5595     -6.7417      3.4226      0.7555
       46   99.050000   33.250000    4658.887     -0.0028     -1.5334     -8.6208      2.3219      0.9015
       47   99.150000   33.250000    4632.609     -0.0235     -1.5235     -6.5036      8.8170      4.6988
       48   99.250000   33.250000    4513.422      0.0245     -0.6649     -2.7678      9.8176     -3.9199
       49   99.350000   33.250000    4405.363      0.0507     -0.0234     -0.9413      8.0976     -8.6549
       50   99.450000   33.250000    4445.303     -0.0510     -0.5735      1.1605      2.7747      8.8682
       51   99.550000   33.250000    4405.671     -0.0115     -0.3367      4.4223      8.4143      1.9341
       52   99.650000   33.250000    4344.604      0.0282      0.0362      2.7463      2.7427     -4.8487
       53   99.750000   33.250000    4398.319     -0.0069     -0.4200      1.1332      2.9328      1.2532
       54   99.850000   33.250000    4398.681     -0.0221     -0.5859      3.2663      5.0617      3.8899
       55   99.950000   33.250000    4359.588     -0.0002     -0.3793      2.7340      4.5097      0.1554
       56  100.050000   33.250000    4362.829     -0.0223     -0.5927      1.3979      4.2909      3.9040
       57  100.150000   33.250000    4307.864     -0.0090     -0.4139      1.7928      7.5933      1.7313
       58  100.250000   33.250000    4220.813      0.0156      0.0787     -1.6116      5.0085     -2.6626
       59  100.350000   33.250000    4199.346      0.0043      0.0565     -4.3017      4.6928     -0.8450
       60  100.450000   33.250000    4170.042     -0.0060      0.1159     -2.2567      6.0564      0.8807
       61   98.550000   33.350000    4467.810      0.0399     -0.1523     -3.6961     -7.1837     -6.8017
       62   98.650000   33.350000    4640.203     -0.0261     -1.6105      2.6972    -11.7493      6.7220
       63   98.750000   33.350000    4746.893     -0.0222     -1.9624      3.9136     -3.6517      4.5965
       64   98.850000   33.350000    4716.507      0.0021     -1.6247      3.9252     -0.6859      0.1139
       65   98.950000   33.350000    4695.034      0.0145     -1.4710      3.2887      0.0946     -2.1331
       66   99.050000   33.350000    4772.661     -0.0521     -2.3421      2.3693      2.2948     10.1687
       67   99.150000   33.350000    4736.960     -0.0267     -2.1169     -1.2354      8.0451      5.2940
       68   99.250000   33.350000    4631.234     -0.0406     -1.5909     -0.1347     11.5747      7.3522
       69   99.350000   33.350000    4479.798     -0.0457     -0.9827      2.1315     15.3695      9.2382
       70   99.450000   33.350000    4333.037      0.0393      0.1433      6.8317      6.0522     -7.3254
       71   99.550000   33.350000    4330.604      0.0144      0.1148      3.6990      6.6180     -2.4653
       72   99.650000   33.350000    4368.944     -0.0163     -0.2464      2.1590      1.3373      2.6704
       73   99.750000   33.350000    4379.755     -0.0263     -0.5159      6.9055      5.8960      4.8797
       74   99.850000   33.350000    4303.060      0.0372      0.0643      5.8449      5.3771     -6.5084
       75   99.950000   33.350000    4322.892     -0.0176     -0.2760      3.7006      3.4345      3.0637
       76  100.050000   33.350000    4300.283      0.0169     -0.1286      4.0292      3.7860     -2.8418
       77  100.150000   33.350000    4282.152     -0.0110     -0.2646      3.0549      3.9841      2.0024
       78  100.250000   33.350000    4285.493      0.0126     -0.2980     -1.4478      1.3477     -2.0967
       79  100.350000   33.350000    4337.795     -0.0547     -1.0318     -4.3400      4.7436      9.8039
       80  100.450000   33.350000    4197.931     -0.0004     -0.2877     -2.1857      8.5559      0.4479
       81   98.550000   33.450000    4520.276      0.0424     -0.3923     -6.7330     -4.3762     -7.2018
       82   98.650000   33.450000    4600.827      0.0293     -0.8989     -5.1485     -5.5525     -5.3754
       83   98.750000   33.450000    4654.728     -0.0093     -1.2058      1.7075      0.1253      1.9728
       84   98.850000   33.450000    4585.899      0.0319     -0.7814      6.0692      3.9310     -5.2692
       85   98.950000   33.450000    4580.227      0.0418     -0.7127      6.1307      0.6080     -6.7368
       86   99.050000   33.450000    4703.335     -0.0132     -1.8042      4.8746     -0.7481      2.9107
       87   99.150000   33.450000    4701.017      0.0157     -1.7115      4.3995      8.8115     -2.3287
       88   99.250000   33.450000    4580.363     -0.0088     -1.3558      6.5772     13.7521      2.1181
       89   99.350000   33.450000    4406.515      0.0591     -0.1340      3.9439     12.4806    -10.5775
       90   99.450000   33.450000    4313.940      0.0236      0.2159      1.7621      8.7592     -4.0276
       91   99.550000   33.450000    4321.853      0.0068      0.0983      2.6971      2.7020     -1.1998
       92   99.650000   33.450000    4364.745     -0.0314     -0.3361      4.4920      6.5133      5.5008
       93   99.750000   33.450000    4255.985      0.0514      0.3568      5.8901      6.5374     -8.8248
       94   99.850000   33.450000    4263.256     -0.0163      0.0954      4.8563      3.0896      2.7723
       95   99.950000   33.450000    4264.050      0.0049      0.0900      4.9333      2.2875     -0.8650
       96  100.050000   33.450000    4269.619     -0.0055     -0.0704      4.5014      3.6877      0.8996
       97  100.150000   33.450000    4236.598      0.0100     -0.0167      3.9652      2.6687     -1.6652
       98  100.250000   33.450000    4301.838     -0.0165     -0.5613      3.8448     -1.9809      2.9562
       99  100.350000   33.450000    4359.594     -0.0692     -1.2087      2.0394      4.2509     12.3487
      100  100.450000   33.450000    4206.593      0.0705     -0.0678     -2.1729      4.1653    -12.3713
      101   98.550000   33.550000    4659.023     -0.0199     -1.2864     -2.0174     -3.6846      3.8035
      102   98.650000   33.550000    4720.232     -0.0447     -1.7723      0.4687      0.9447      8.3202
      103   98.750000   33.550000    4664.799     -0.0139     -1.3300      1.5766      4.0453      2.7744
      104   98.850000   33.550000    4548.364      0.0126     -0.7404      4.8763      8.6029     -2.4221
      105   98.950000   33.550000    4516.477      0.0110     -0.4734      9.6126      0.5088     -1.7650
      106   99.050000   33.550000    4655.480     -0.0706     -1.7318     11.2528      1.5499     12.7035
      107   99.150000   33.550000    4639.858     -0.0385     -1.6304     12.2965      8.9361      7.0240
      108   99.250000   33.550000    4514.902     -0.0207     -0.9502     10.0660     11.1805      3.9472
      109   99.350000   33.550000    4453.390     -0.0401     -0.6787      6.4949      7.5136      7.1625
      110   99.450000   33.550000    4339.583     -0.0172     -0.2027      7.7269     11.6086      3.4980
      111   99.550000   33.550000    4295.476      0.0184      0.2363      5.9326      3.0664     -3.1903
      112   99.650000   33.550000    4352.573     -0.0079     -0.2291      1.9673      4.3779      1.3144
      113   99.750000   33.550000    4264.804     -0.0092      0.0394      3.7537      7.8694      1.6185
      114   99.850000   33.550000    4201.857      0.0194      0.4697      5.5501      3.6239     -3.4345
      115   99.950000   33.550000    4217.313      0.0097      0.2915      2.2347      1.7206     -2.0107
      116  100.050000   33.550000    4219.677     -0.0303     -0.0074      7.3855      2.9855      5.4552
      117  100.150000   33.550000    4129.894      0.0374      0.4934      7.4801      3.8642     -7.4796
      118  100.250000   33.550000    4173.375      0.0069      0.0798      8.4924     -2.2554     -1.3611
      119  100.350000   33.550000    4280.313     -0.0160     -0.5558      1.5648     -1.9850      2.8644
      120  100.450000   33.550000    4309.546     -0.0006     -0.7948     -0.9595     -1.2458      0.1512
      121   98.550000   33.650000    4679.982     -0.0079     -1.3115      2.5580     -2.4577      1.7901
      122   98.650000   33.650000    4697.547     -0.0222     -1.5315      4.4931      3.8851      4.2535
      123   98.750000   33.650000    4618.284     -0.0037     -1.0402      8.2282      6.6991      0.9073
      124   98.850000   33.650000    4495.173     -0.0110     -0.5098      9.9566     10.7199      1.8601
      125   98.950000   33.650000    4356.544      0.0476      0.3937     10.2355      5.0718     -8.1985
      126   99.050000   33.650000    4415.016      0.0194     -0.0856     12.9893      1.8435     -3.3321
      127   99.150000   33.650000    4406.735      0.0280     -0.1699     12.9470      9.4601     -5.1175
      128   99.250000   33.650000    4334.404      0.0101      0.2032     11.5474      6.6022     -1.8808
      129   99.350000   33.650000    4300.596     -0.0239      0.2088     12.1874      9.0213      3.7895
      130   99.450000   33.650000    4198.764      0.0478      0.8406      8.5138      6.5581     -8.5646
      131   99.550000   33.650000    4283.543     -0.0233      0.0320      4.6507     -0.9408      4.0054
      132   99.650000   33.650000    4364.644     -0.0803     -0.7142      8.4608      5.4711     14.6513
      133   99.750000   33.650000    4217.270      0.0311      0.3824      4.9238      7.8610     -5.4441
      134   99.850000   33.650000    4190.659     -0.0294      0.2569      2.8425      1.8998      5.2618
      135   99.950000   33.650000    4155.409     -0.0161      0.3733      6.9737      5.2081      2.6729
      136  100.050000   33.650000    4115.454      0.0413      0.6941      0.0389      0.8553     -7.4466
      137  100.150000   33.650000    4127.593     -0.0149      0.3152     -2.0512      3.8941      2.7042
      138  100.250000   33.650000    4070.042      0.0579      0.6672     -1.4087     -0.0835    -10.4473
      139  100.350000   33.650000    4231.230     -0.0671     -0.7133      5.2047     -5.8264     14.0257
      140  100.450000   33.650000    4285.395     -0.0226     -0.7752      6.4545      2.6039      4.3397
      141   98.550000   33.750000    4618.993     -0.0157     -0.9913      7.0604      0.9574      2.9955
      142   98.650000   33.750000    4598.589     -0.0030     -0.9175      8.2002      5.2372      0.8250
      143   98.750000   33.750000    4514.966     -0.0129     -0.5779      8.4754      8.5725      2.3766
      144   98.850000   33.750000    4379.580      0.0154      0.1092      8.6827     11.1295     -2.8108
      145   98.950000   33.750000    4290.171      0.0434      0.7044      6.1576      4.1168     -7.5810
      146   99.050000   33.750000    4368.263     -0.0161      0.0636      3.3645      2.1904      2.6278
      147   99.150000   33.750000    4334.328     -0.0350     -0.0434      6.5804      9.8005      6.7004
      148   99.250000   33.750000    4194.584      0.0562      0.9433      4.0213      7.6361     -9.9158
      149   99.350000   33.750000    4143.982      0.0484      1.0785      1.6766      8.4295     -8.9404
      150   99.450000   33.750000    4106.245      0.0317      1.2172      3.7892      3.2141     -5.8053
      151   99.550000   33.750000    4145.170      0.0341      0.9506      6.4738      2.5089     -6.3043
      152   99.650000   33.750000    4130.641      0.0487      0.8933      7.1398      4.1893     -8.8812
      153   99.750000   33.750000    4131.542     -0.0032      0.7320      3.8166      2.4430      0.3240
      154   99.850000   33.750000    4095.780      0.0406      0.8924      2.1640      4.5242     -7.4146
      155   99.950000   33.750000    4117.784      0.0211      0.6668     -3.6854     -1.1345     -4.0800
      156  100.050000   33.750000    4188.109     -0.0286      0.1852     -2.9636      0.3006      4.6277
      157  100.150000   33.750000    4161.674     -0.0145      0.1825      0.0572      3.2135      2.3788
      158  100.250000   33.750000    4078.486      0.0750      0.6708     -2.0591      1.8576    -13.1559
      159  100.350000   33.750000    4125.121      0.0677      0.2734     -2.9066     -2.1975    -11.7380
      160  100.450000   33.750000    4226.285     -0.0077     -0.4524     -1.3237     -0.9033      1.4086
      161   98.550000   33.850000    4504.646      0.0261     -0.2362      7.3753      2.2999     -4.3019
      162   98.650000   33.850000    4528.387     -0.0218     -0.5714      7.1436      4.8802      3.8541
      163   98.750000   33.850000    4427.023      0.0179     -0.0700      7.0128      9.5897     -3.0069
      164   98.850000   33.850000    4345.305     -0.0047      0.3508      5.7172      6.2040      0.6435
      165   98.950000   33.850000    4306.284      0.0359      0.5727      6.1085      2.6739     -6.7409
      166   99.050000   33.850000    4404.038     -0.0800     -0.3914      5.0425      3.6792     14.0336
      167   99.150000   33.850000    4275.022      0.0397      0.2851      4.4247      8.3674     -6.4320
      168   99.250000   33.850000    4334.432     -0.0347     -0.3327     -4.6984     -2.0961      5.8443
      169   99.350000   33.850000    4364.657     -0.0811     -0.9626     -7.5195     11.2860     16.5505
      170   99.450000   33.850000    4184.004      0.0084      0.5524     -6.5078      6.7061     -1.7591
      171   99.550000   33.850000    4155.239     -0.0313      0.7330     -1.9403      3.7025      5.0092
      172   99.650000   33.850000    4118.464      0.0224      0.9372     -2.9139      3.4412     -4.2287
      173   99.750000   33.850000    4158.085     -0.0200      0.2944     -7.9648      0.6435      3.4273
      174   99.850000   33.850000    4181.773     -0.0197      0.2936     -5.6683      0.1902      3.0245
      175   99.950000   33.850000    4202.778     -0.0403      0.0615     -0.9525      3.1898      7.0037
      176  100.050000   33.850000    4160.763      0.0206      0.3312      1.2571      1.3368     -4.0163
      177  100.150000   33.850000    4161.722      0.0541      0.1442     -7.1084     -2.6463    -10.6166
      178  100.250000   33.850000    4301.653     -0.0307     -1.2037    -11.1724     -4.6864      4.9595
      179  100.350000   33.850000    4440.436     -0.0994     -2.3272     -8.6753     -0.0209     18.4399
      180  100.450000   33.850000    4359.855     -0.0400     -2.2043     -8.1276     11.2667     11.7182
      181   98.550000   33.950000    4454.467      0.0168     -0.0878      6.5935      1.2181     -2.7753
      182   98.650000   33.950000    4495.018     -0.0098     -0.4316      5.5229      5.5545      1.7517
      183   98.750000   33.950000    4407.220     -0.0072     -0.0466      6.2263      7.5487      1.2192
      184   98.850000   33.950000    4307.893      0.0192      0.5338      6.2538      6.9085     -3.5347
      185   98.950000   33.950000    4298.993     -0.0189      0.4596      3.8953      3.0136      2.9834
      186   99.050000   33.950000    4259.660      0.0251      0.6500      6.5886      3.2620     -4.6046
      187   99.150000   33.950000    4287.233      0.0148      0.3726     -0.7687     -1.4912     -2.6852
      188   99.250000   33.950000    4402.472     -0.0003     -0.3137     -1.4467     -1.0950      0.0495
      189   99.350000   33.950000    4435.922     -0.0478     -0.7869     -1.1788      5.4553      8.2287
      190   99.450000   33.950000    4256.119      0.0052      0.1383     -1.9612      9.8951     -0.7693
      191   99.550000   33.950000    4161.303      0.0358      0.7991     -5.3330      3.4621     -6.3524
      192   99.650000   33.950000    4213.493     -0.0201      0.2866     -6.8953     -0.2869      3.2996
      193   99.750000   33.950000    4217.067     -0.0111      0.2896     -3.3910      3.2291      1.7037
      194   99.850000   33.950000    4164.961      0.0293      0.5566     -2.1771      2.8964     -5.2051
      195   99.950000   33.950000    4150.437      0.0500      0.5367     -5.8213      0.2394     -9.0615
      196  100.050000   33.950000    4216.859     -0.0005     -0.0646     -6.7897     -2.1855      0.0597
      197  100.150000   33.950000    4328.213     -0.0237     -0.9063     -6.1851     -3.1982      4.0481
      198  100.250000   33.950000    4420.919     -0.0452     -1.5972     -0.8810      0.1361      8.1669
      199  100.350000   33.950000    4444.451     -0.0129     -1.8661      5.5694      1.5861      2.9552
      200  100.450000   33.950000    4392.903     -0.0281     -1.8177      6.2703      9.5321      5.5834
      201   98.550000   34.050000    4448.621     -0.0193     -0.2687      5.4493      0.7139      3.3289
      202   98.650000   34.050000    4482.380     -0.0530     -0.6679      8.8253      5.7221      9.5204
      203   98.750000   34.050000    4369.327      0.0017      0.0974      6.3428      8.3607     -0.3352
      204   98.850000   34.050000    4264.300      0.0412      0.7576      4.1240      5.8727     -7.3606
      205   98.950000   34.050000    4243.728     -0.0200      0.6434      6.2001      3.7862      3.3595
      206   99.050000   34.050000    4187.284      0.0409      1.0270      2.7302     -1.1076     -7.2632
      207   99.150000   34.050000    4319.380     -0.0055      0.1343      0.0408     -6.8322      0.4979
      208   99.250000   34.050000    4444.860     -0.0530     -0.7481     -0.5620     -1.4948      9.1751
      209   99.350000   34.050000    4380.562      0.0024     -0.3179     -0.9247      5.8904     -0.6139
      210   99.450000   34.050000    4253.783      0.0520      0.3759     -6.8894      3.7225     -9.1251
      211   99.550000   34.050000    4252.203     -0.0129      0.1763     -8.3536      2.2539      2.0829
      212   99.650000   34.050000    4235.233     -0.0003      0.2820     -6.4549      3.0170     -0.1286
      213   99.750000   34.050000    4204.295      0.0344      0.3579     -7.8886      2.7231     -6.0007
      214   99.850000   34.050000    4222.004      0.0339      0.0041    -11.0449      0.0917     -5.7988
      215   99.950000   34.050000    4298.706     -0.0132     -0.5181     -9.4829      0.6615      2.2850
      216  100.050000   34.050000    4334.452     -0.0381     -0.7637     -3.8033      2.9081      6.6105
      217  100.150000   34.050000    4325.726     -0.0116     -0.7001      1.5444      2.6675      2.1159
      218  100.250000   34.050000    4296.778      0.0099     -0.6425      5.9783      5.4963     -1.4920
      219  100.350000   34.050000    4281.501     -0.0128     -0.8515      9.6858      4.3217      2.3880
      220  100.450000   34.050000    4229.091      0.0159     -0.5946      9.1612      8.6309     -2.5910
      221   98.550000   34.150000    4392.991     -0.0009      0.0908      6.2458      3.7368      0.0837
      222   98.650000   34.150000    4347.137      0.0189      0.3126      6.8443      5.3551     -3.3425
      223   98.750000   34.150000    4323.374     -0.0330      0.2430      6.7551      4.1469      5.5030
      224   98.850000   34.150000    4271.141     -0.0235      0.5409      4.3683      3.8133      3.7245
      225   98.950000   34.150000    4216.057     -0.0155      0.7991      0.8988      2.1426      2.2767
      226   99.050000   34.150000    4179.792      0.0368      1.0273     -0.5712     -2.1664     -6.6533
      227   99.150000   34.150000    4313.616     -0.0364      0.1152      0.2533     -6.5693      6.0519
      228   99.250000   34.150000    4375.128     -0.0052     -0.1490      0.7286     -2.9728      0.8515
      229   99.350000   34.150000    4408.137     -0.0351     -0.5810     -5.1693     -1.5375      6.2972
      230   99.450000   34.150000    4371.184     -0.0240     -0.4168     -6.1116      2.9976      4.4162
      231   99.550000   34.150000    4314.701      0.0345     -0.0812    -10.1697      1.2358     -5.8468
      232   99.650000   34.150000    4329.760      0.0593     -0.6407    -16.9233      0.3503    -11.3249
      233   99.750000   34.150000    4401.909     -0.0009     -1.2093    -15.7502      0.1421      0.6608
      234   99.850000   34.150000    4437.124     -0.0307     -1.2844    -10.1080      4.4106      5.5430
      235   99.950000   34.150000    4377.614     -0.0137     -0.9517     -2.9395      8.5546      2.6922
      236  100.050000   34.150000    4301.421      0.0425     -0.3823      0.0034      6.8352     -7.2094
      237  100.150000   34.150000    4262.024      0.0461     -0.3393     -0.6268      7.7902     -8.1016
      238  100.250000   34.150000    4212.149      0.0284     -0.3499      0.5647      8.7014     -4.9725
      239  100.350000   34.150000    4138.474      0.0318     -0.0124      4.0923      9.3311     -5.5380
      240  100.450000   34.150000    4070.582      0.0290      0.2208      8.7945      5.8181     -5.0985
      241   98.550000   34.250000    4362.787     -0.0372      0.0362      6.1990      5.7038      6.2117
      242   98.650000   34.250000    4254.997      0.0009      0.5844      6.3622      6.5581     -0.3095
      243   98.750000   34.250000    4200.822      0.0251      0.9701      4.1195      1.8457     -4.5615
      244   98.850000   34.250000    4209.232      0.0360      0.9187     -0.5475     -0.0646     -6.5551
      245   98.950000   34.250000    4215.275      0.0075      0.8048     -2.1093     -0.3634     -1.6284
      246   99.050000   34.250000    4175.291      0.0338      1.0248     -1.0880     -2.6648     -6.0819
      247   99.150000   34.250000    4237.397      0.0053      0.6240     -1.1657     -5.8951     -1.1649
      248   99.250000   34.250000    4298.219      0.0280      0.3189     -3.5210     -6.3284     -4.8768
      249   99.350000   34.250000    4375.303      0.0237     -0.1769     -5.4220     -5.4731     -4.0643
      250   99.450000   34.250000    4403.863      0.0363     -0.3883     -7.7944     -1.5022     -6.0184
      251   99.550000   34.250000    4506.154     -0.0021     -1.5695    -13.5580     -5.9835      0.8911
      252   99.650000   34.250000    4683.853     -0.0872     -2.8426    -10.6434      0.0514     15.4720
      253   99.750000   34.250000    4638.389     -0.0184     -2.4022     -8.5575      7.3722      3.7334
      254   99.850000   34.250000    4536.323     -0.0151     -1.9794     -4.9858     12.7123      3.3202
      255   99.950000   34.250000    4412.348      0.0240     -1.1641     -5.0458      7.8083     -4.3311
      256  100.050000   34.250000    4423.942     -0.0464     -1.5100     -1.7682      8.1286      8.2290
      257  100.150000   34.250000    4356.570     -0.0525     -1.3389      3.8126     12.5747      9.4264
      258  100.250000   34.250000    4239.521     -0.0036     -0.6693      7.1352     11.6887      0.8402
      259  100.350000   34.250000    4177.532     -0.0363     -0.5277      4.7318     11.0534      6.2002
      260  100.450000   34.250000    4030.635      0.0386      0.2780      3.6899      8.0668     -6.7682
      261   98.550000   34.350000    4232.646      0.0267      0.7546      5.8847      5.7396     -4.7915
      262   98.650000   34.350000    4175.435      0.0261      1.0767      1.9597      2.6051     -4.8062
      263   98.750000   34.350000    4180.510      0.0116      1.0142      0.7405     -1.4604     -2.3419
      264   98.850000   34.350000    4278.119     -0.0517      0.2004      0.5159     -4.5018      9.1471
      265   98.950000   34.350000    4283.511     -0.0370      0.2506     -3.1171     -0.4043      6.1116
      266   99.050000   34.350000    4215.953      0.0254      0.7169     -6.4449     -3.7624     -4.7221
      267   99.150000   34.350000    4277.496     -0.0073      0.3061     -7.1582     -6.4877      1.0368
      268   99.250000   34.350000    4366.355      0.0115     -0.2093     -8.1366     -9.7142     -1.9968
      269   99.350000   34.350000    4508.083     -0.0196     -1.1990    -11.0474     -7.4233      3.6333
      270   99.450000   34.350000    4542.932      0.0327     -1.3077    -11.3136     -1.1677     -5.5037
      271   99.550000   34.350000    4627.071     -0.0042     -1.9619     -6.0196     -2.4703      1.3077
      272   99.650000   34.350000    4685.898     -0.0222     -2.4908      0.5209      5.6125      4.5626
      273   99.750000   34.350000    4621.137      0.0073     -2.1033      3.5061      8.6637     -0.5795
      274   99.850000   34.350000    4551.302     -0.0459     -2.1710      1.6173     13.9968      9.0013
      275   99.950000   34.350000    4439.568     -0.0439     -1.6769      8.9095     12.1368      8.8492
      276  100.050000   34.350000    4360.739      0.0150     -1.0892      9.9416     12.9803     -2.4781
      277  100.150000   34.350000    4207.091      0.0231     -0.5982     11.0058     16.5780     -4.2818
      278  100.250000   34.350000    4066.611      0.0137     -0.0660     13.9913     11.0528     -2.0651
      279  100.350000   34.350000    4061.972     -0.0220     -0.5106     15.2151      9.2303      7.5108
      280  100.450000   34.350000    4040.405      0.0506      0.1325      7.4823      4.8799     -8.9292
      281   98.550000   34.450000    4254.238      0.0193      0.4913     -2.6484     -0.3782     -3.5874
      282   98.650000   34.450000    4255.144     -0.0098      0.3903     -3.6464      3.9928      1.4283
      283   98.750000   34.450000    4162.632      0.0338      1.0557     -1.1063     -0.4088     -6.0789
      284   98.850000   34.450000    4189.533      0.0267      0.8602     -0.3730     -5.9392     -4.8773
      285   98.950000   34.450000    4248.031      0.0230      0.5607     -1.7631     -5.0160     -4.1403
      286   99.050000   34.450000    4299.752      0.0285      0.1901     -8.4897     -8.2718     -5.2499
      287   99.150000   34.450000    4379.879     -0.0085     -0.3085     -8.2960     -6.3259      1.5280
      288   99.250000   34.450000    4458.656      0.0161     -0.7847     -7.5709    -11.4644     -2.6086
      289   99.350000   34.450000    4668.956     -0.0563     -2.4298     -7.4194     -9.4750     10.9171
      290   99.450000   34.450000    4723.520     -0.0378     -2.6485     -6.6518      2.9641      7.4178
      291   99.550000   34.450000    4645.226     -0.0221     -2.0709     -0.0249      6.9712      4.3917
      292   99.650000   34.450000    4510.637      0.0573     -1.4286      8.3253     10.8742    -10.7098
      293   99.750000   34.450000    4480.324     -0.0098     -1.6261     10.1709     12.9591      3.2613
      294   99.850000   34.450000    4328.912      0.0433     -1.0560     14.5395     18.4904     -9.3928
      295   99.950000   34.450000    4163.512      0.0690     -0.1089     14.3820      9.9798    -12.1909
      296  100.050000   34.450000    4235.163     -0.0460     -0.8727     12.3459      9.4508      9.7632
      297  100.150000   34.450000    4103.836     -0.0002     -0.5750     11.5312     18.7966      2.7538
      298  100.250000   34.450000    3895.538      0.1234      0.8260      4.8630     11.4094    -22.4265
      299  100.350000   34.450000    3987.455      0.0299     -0.1745      2.3543      0.6729     -6.7411
      300  100.450000   34.450000    4088.453     -0.0648     -0.7349      9.5856      7.9086     11.7218
      301   98.550000   34.550000    4378.106     -0.0624     -0.4944      0.4186     -2.2154     10.8148
      302   98.650000   34.550000    4324.054     -0.0433     -0.2029      1.3855      4.2320      7.9934
      303   98.750000   34.550000    4190.203      0.0160      0.7928     -2.0652     -0.4504     -2.9935
      304   98.850000   34.550000    4208.212      0.0122      0.6541     -4.3888     -7.3827     -2.3103
      305   98.950000   34.550000    4301.451      0.0251      0.1470     -7.2796     -9.9032     -4.4346
      306   99.050000   34.550000    4436.163     -0.0375     -0.7855     -8.5933     -9.1230      6.7365
      307   99.150000   34.550000    4460.299      0.0387     -0.6144     -7.1121     -7.0655     -6.4916
      308   99.250000   34.550000    4560.545     -0.0088     -1.4563     -8.1917     -7.3209      2.1001
      309   99.350000   34.550000    4648.312      0.0524     -1.8513     -3.2338     -7.3292     -9.4912
      310   99.450000   34.550000    4748.468     -0.0361     -2.7604     -0.2038      4.8194      7.1688
      311   99.550000   34.550000    4611.841      0.0220     -1.8375     -0.6690     11.8208     -3.4052
      312   99.650000   34.550000    4474.216     -0.0108     -1.4355      1.6897     13.8211      2.6557
      313   99.750000   34.550000    4386.971     -0.0216     -1.0949      8.0725     15.7830      4.0587
      314   99.850000   34.550000    4229.658     -0.0472     -0.9630     11.4082     21.1978     13.1420
      315   99.950000   34.550000    4042.933      0.0901      0.4914      6.5173     11.0317    -16.3926
      316  100.050000   34.550000    4174.361     -0.0038     -0.6655      4.3171      5.6928      0.9358
      317  100.150000   34.550000    4131.250     -0.0169     -0.8774      4.6724     16.6020      4.6832
      318  100.250000   34.550000    4081.225     -0.0213     -0.6966      5.0500      3.3213      4.4965
      319  100.350000   34.550000    4173.769     -0.0774     -1.7552      1.8730     13.4800     14.3758
      320  100.450000   34.550000    3960.538      0.0561     -0.1274     10.5699     14.0632     -9.5173
      321   98.550000   34.650000    4315.838     -0.0094      0.1059      2.7948     -0.3711      1.4689
      322   98.650000   34.650000    4236.617      0.0312      0.5710      0.1378     -0.1687     -5.4992
      323   98.750000   34.650000    4230.896      0.0168      0.5238     -5.4284     -5.4835     -3.1317
      324   98.850000   34.650000    4293.248      0.0022      0.0959     -4.8169     -9.5430     -0.2425
      325   98.950000   34.650000    4424.276      0.0174     -0.6285     -7.2869    -12.0723     -3.1687
      326   99.050000   34.650000    4552.542     -0.0487     -1.4339     -5.8253     -6.0213      8.7446
      327   99.150000   34.650000    4552.779      0.0279     -1.1850     -4.0380     -7.0301     -4.3835
      328   99.250000   34.650000    4659.070     -0.0310     -1.9303      0.3599     -4.9766      5.8813
      329   99.350000   34.650000    4699.052     -0.0250     -2.2838      1.4519     -1.9569      5.0489
      330   99.450000   34.650000    4733.148      0.0231     -2.5515      2.4726      2.8155     -3.2146
      331   99.550000   34.650000    4696.323     -0.0095     -2.9546     -1.8928     16.2451      1.8388
      332   99.650000   34.650000    4407.494      0.0867     -1.0768      4.6109     18.9538    -15.8802
      333   99.750000   34.650000    4344.136     -0.0517     -1.1006      6.6888     18.3640      9.2492
      334   99.850000   34.650000    4129.680      0.0722     -0.3095      5.7552     21.6086    -17.3118
      335   99.950000   34.650000    4146.998     -0.0473     -0.5252      6.2271      8.6944      8.4530
      336  100.050000   34.650000    4224.270     -0.0152     -1.1440     11.1925      6.6006      2.8086
      337  100.150000   34.650000    4186.765     -0.0351     -1.5857     10.7471     18.1399      7.3205
      338  100.250000   34.650000    4049.312      0.0881     -0.3256     10.4827      6.1950    -16.2605
      339  100.350000   34.650000    4217.421     -0.1002     -2.4100     15.9442      8.5401     19.9657
      340  100.450000   34.650000    4047.536     -0.0874     -2.2190      4.4894     20.1632     22.7273
      341   98.550000   34.750000    4275.777     -0.0128      0.2867     -0.9660     -2.4328      2.0191
      342   98.650000   34.750000    4261.419      0.0143      0.4098     -3.1241     -3.9385     -2.6056
      343   98.750000   34.750000    4332.205     -0.0044     -0.0262     -4.3061     -8.6461      0.6473
      344   98.850000   34.750000    4418.994      0.0260     -0.6371     -8.5270    -10.1246     -4.7173
      345   98.950000   34.750000    4571.958     -0.0313     -1.6194     -6.5229     -9.3660      5.6852
      346   99.050000   34.750000    4617.772     -0.0061     -1.6121     -2.4511     -4.3303      1.5058
      347   99.150000   34.750000    4620.722     -0.0222     -1.7517      0.0435     -1.3179      4.5051
      348   99.250000   34.750000    4585.164     -0.0171     -1.6447      8.2448     -0.1471      3.9347
      349   99.350000   34.750000    4569.135      0.0498     -1.7663     10.5238     -0.7449     -7.2897
      350   99.450000   34.750000    4874.492     -0.1062     -5.5655     -0.6085     -7.9282     18.7753
      351   99.550000   34.750000    4850.936     -0.1605     -5.6590     10.9381     22.8289     32.5832
      352   99.650000   34.750000    4311.110      0.0953     -1.6873     11.1521     27.8478    -19.4987
      353   99.750000   34.750000    4204.180      0.0384     -0.5317     11.8556     17.1934     -6.3727
      354   99.850000   34.750000    4110.045      0.0487     -0.4458     12.2795     22.1499    -11.2260
      355   99.950000   34.750000    4045.230     -0.0490     -0.6706     18.3443     14.1793     14.5054
      356  100.050000   34.750000    3995.517      0.0298     -0.3218     19.8488      9.4623     -4.9260
      357  100.150000   34.750000    4027.178     -0.0902     -1.4908     25.2539     10.5027     25.1652
      358  100.250000   34.750000    3946.670     -0.0361     -0.5070     20.9848      8.6642      6.6361
      359  100.350000   34.750000    3924.335      0.0180     -0.5583     21.3895      9.7296     -3.3830
      360  100.450000   34.750000    3879.402     -0.0569     -1.3040     20.1961     14.2594     16.8912
      361   98.550000   34.850000    4252.642      0.0085      0.4290     -0.3591     -3.5761     -1.6102
      362   98.650000   34.850000    4309.587      0.0070      0.1106     -2.0139     -7.5390     -1.2794
      363   98.750000   34.850000    4420.001      0.0134     -0.5447     -3.6208    -10.0593     -2.1741
      364   98.850000   34.850000    4595.130     -0.0564     -2.0368     -3.5264    -11.5625     11.0529
      365   98.950000   34.850000    4611.191      0.0293     -1.5540      1.2384     -2.5185     -4.5080
      366   99.050000   34.850000    4643.385     -0.0036     -1.8270      1.8750     -3.2071      1.1795
      367   99.150000   34.850000    4620.116     -0.0347     -1.8803      4.2889      3.7961      6.5500
      368   99.250000   34.850000    4437.195      0.0332     -0.8376      7.2530      5.9950     -5.2823
      369   99.350000   34.850000    4432.037      0.0978     -1.2255     10.1976     -6.5342    -16.4803
      370   99.450000   34.850000    4819.459     -0.1696     -5.8219     19.5498      4.3097     58.5188
      371   99.550000   34.850000    4577.239      0.1447     -2.3942      8.2887     18.7313    -30.3202
      372   99.650000   34.850000    4403.252      0.0421     -2.1284     -2.2869     17.2088    -11.2335
      373   99.750000   34.850000    4355.104     -0.0881     -2.2848      0.8178     18.9339     17.2236
      374   99.850000   34.850000    4165.411     -0.0266     -1.2929      9.4663     26.2687      5.9285
      375   99.950000   34.850000    3973.796      0.0467     -0.2401      2.4869     17.7994    -11.1743
      376  100.050000   34.850000    3895.720      0.0424     -0.1407      4.7248     18.8657    -11.9287
      377  100.150000   34.850000    3778.698      0.0577      0.0155      6.7604     16.6859    -16.4366
      378  100.250000   34.850000    3645.674      0.0553      0.8695     17.4695     11.9753     -9.7595
      379  100.350000   34.850000    3621.460      0.0945      0.6414     15.1599     -0.8725    -18.3995
      380  100.450000   34.850000    3766.364      0.0284     -0.1478      4.3667      3.1998     -6.0982
      381   98.550000   34.950000    4252.023      0.0272      0.3681     -1.1461     -4.1743     -4.7166
      382   98.650000   34.950000    4366.532      0.0056     -0.3159     -1.3364     -8.6101     -0.9654
      383   98.750000   34.950000    4502.022     -0.0139     -1.1280      0.4641     -8.8477      2.5929
      384   98.850000   34.950000    4566.364     -0.0464     -1.7827      7.8855     -2.0988      9.4194
      385   98.950000   34.950000    4573.636      0.0154     -1.4675      6.9561     -5.8806     -2.4923
      386   99.050000   34.950000    4632.407     -0.0676     -2.2225     10.6333      3.4818     13.0212
      387   99.150000   34.950000    4480.789     -0.0058     -1.1792     14.0025      6.4261      1.2304
      388   99.250000   34.950000    4303.815      0.0147     -0.5396     14.9757      9.3437     -1.2988
      389   99.350000   34.950000    4309.363      0.0637     -0.7326     12.7282     -4.9060    -10.9597
      390   99.450000   34.950000    4578.440     -0.0722     -2.8181     17.1151      0.3012     14.2591
      391   99.550000   34.950000    4607.996     -0.0794     -3.5139     19.2910     10.3863     17.9144
      392   99.650000   34.950000    4560.174     -0.1059     -3.7985     18.2580     20.0790     24.8121
      393   99.750000   34.950000    4339.000      0.0228     -1.9280     12.0131     22.4800     -3.5911
      394   99.850000   34.950000    4212.950      0.0022     -1.4260      7.8691     19.0135     -0.4077
      395   99.950000   34.950000    4120.937     -0.0601     -1.6073     14.6174     23.5648     11.6488
      396  100.050000   34.950000    3905.358      0.0178     -0.7589     22.0370     21.4923     -3.9887
      397  100.150000   34.950000    3753.778     -0.0756     -0.7860     26.2541     17.5969     19.5073
      398  100.250000   34.950000    3536.511     -0.0115      0.3655     21.7344     16.5594      5.2135
      399  100.350000   34.950000    3575.282      0.0282      0.0217     12.8743     -8.3667     -3.6507
      400  100.450000   34.950000    3905.467     -0.1105     -1.8717     15.0693     -6.7840     21.2012
